0.913219
0.51665
0.64884
0.920283
0.487891
0.652371
0.925832
0.573663
0.689203
0.894046
0.474268
0.657417
0.901615
0.432392
0.644803
0.904642
0.502018
0.669021
0.9368
0.592994
0.780787
0.929939
0.540267
0.732756
0.905381
0.546407
0.742867
0.928133
0.555435
0.74359
0.937884
0.50957
0.762008
0.915854
0.569881
0.764536
0.916689
0.527196
0.675245
0.906607
0.478907
0.622977
0.905811
0.490316
0.696737
0.88883
0.473335
0.655612
0.911648
0.456354
0.650305
0.89281
0.499337
0.666755
0.913601
0.576133
0.711292
0.937126
0.606501
0.698888
0.881523
0.526946
0.701027
0.890077
0.562447
0.726689
0.899487
0.598375
0.733533
0.873396
0.538922
0.686484
